18.

Prima verbi 55111'5 773 33 331, 71311711733177 31 id, quod
quis 7711, 33771331 17777 3111313177 Hane 3137111331 73773777 31
1731731, cum 1717711173 171771, 737173 cum infinitivo prae·
sentis, 7373 cum infinitivo 3371311 coniungimr. Quid 177137-
311 1771371771177111733 futuri 31 praesentis, vix cognoscas. In-

, venitur 3713777 1733 significatione his loeis:

inf. 77733371, 4562. 1, 8664 Ι, 13463.
11761 Π 8161 Π,.8662 III 826
61. 17 5264 17 6763 17 756
179261171.16627,.9617,116166.1

62 774126 711,31.664. 7Π,.5064
’ 6962. 711, 8364. 7111, 562. 7Π1,7965. 71Π,

34
5773
7737
77,2 27
77,

3532. inffu: 77334. 7,.,2237773733(·).
777743 773337 773434. 7332. ,72

b
33.
1

73
Π

63171 369 111186. 172461 Π,67

Π,7161.Π,7664Π,8965. Π1,4964.1Π,7Ο
66. 1177562. 1Π,11565. 17867 1717 l.
172463. 174665. 17 76617 9462 17,
10866. 1711562. 2117 12216 117 12464 417
125621713262 7.3864 716661769
61. 71,861. 772962. 71, 3261 71, 4261.
776661. 71,9963.71,9661.71,9962.71,
19461. 711,2,62 711, 2261 7113261Π 60
62. 7Π, 7864. 4711,1 263. 7111,.665 7Π1, 24
65. 7Π1,2761 711,11516. 62 71117362

7111, 8763. 7111, 88. inf. 3377 111, 9262. 739

37 7,.33 7737 3377

Deinde verbum eam 71777 33377733117 77111 exprimeret

quod ex 31173 77337 1773131 :nos (11317773, ,.“3311377 inf.

37333711, 1662 174.62 717463. 77117777
1, 13265 Π,16761111, 1663. III, 2263. 171
64. 7, 7561, 71, 9064. 7172365. 7777771113
(13 33 usurpatur, quod ex rerum natura 3731 exspec-
13776777

1771. 37333711, 75 62 (17377713). 1, 6862. 171. 1717
Π,863.ΙΠ,116163.Π1,1262.1Π,2063.

 

