63

84.11881.11,8888.11,8884.114888.11,
1181.11888111.81841848818888
118818 11,.888811,,8481.1118888 11184
81. 111,.8884 1111ν4188 111, 44188111 818
8411118118 1.,88811818..1811,81
88118888.118188114488118118
118881181
88111888118188 8181118888
1188 1111881 1111888 1111888 11,
, 11181111888111181811111888818
828. 1,1181. 1,1881. 1,1881. 1,1181. 1,
88,8811 1,88811,.88881,8188.88.1,44
81148841818ν1.1,8888. 1,1181. 1.
1188181411,8418188,8.8111881114
11188811188811,8888.11,81818.11
88881188181181488818111188.
11188 8 111188 88 1118888 84 4,111
888,88111488 111,.,14888111488. 111818
88. 111,8881,1818881. 1118888 88
1881 1111481 1,8111188 8118888181
1111,1881111,188 111118811111,8888
111141881111,48848.111141811111488.
1111, 8888 111111118 1111,18881111,8481
1111, 8888 811111, 18888 1111, 18888.
111.881,8888.88.18888111
811884118 1,1.4181114 88 81181
§3.HM831ww3ssffiwlwwl
111188 11188 88 111V3333 1111111188.
314311
41

7.14 2
3.11Ῑ,2 2.§13.‘o‘2§1.
1 IV 1 3W1,15§2.IV‚1130§5.,V
34οξ 2. V‚017 VI,1010§2. VI‚30§4.
2113116931. VL.77§2 V1‚1.88§ VII,
31ῙΠ, I842.§ VI‚II 00 §5- VIII, 92 §7 VIII,
11,1.03ἓ2 ηγοῦαμι ι.’ῒ,.13952 1,1124

111111Η c Ioum eidffic illimis con.stat Of.
praeter editores Steup mus. rhenan. XSXVffl 1171280411. Π6111811118 4111818.
Ip. 324.

1771, 58

9
131
731
1

 

1,888111888188118 “

